1.552300902601414234e-01 2.181119399854804567e-05 -2.339014075401407711e-03 -8.306680080412880227e-04 3.105797401244878426e-05 -2.520664004119784959e-03 -1.543947276502152799e-02 -7.281837542053872479e-03
2.181119399854804567e-05 2.278386323814484383e-05 -2.829659163727260177e-05 -3.838815465530340960e-06 3.355869923147167824e-07 -3.931162365917404770e-06 3.488336364220549746e-05 -1.037281435019045191e-07
-2.339014075401407711e-03 -2.829659163727260177e-05 5.488733228654699972e-04 -5.249928222423483364e-05 2.257880603933876757e-06 -7.627040839763470699e-05 -1.249019392196619666e-03 -1.226421018983265778e-05
-8.306680080412880227e-04 -3.838815465530340960e-06 -5.249928222423483364e-05 3.403333307282900328e-04 -1.007255485156467170e-05 -6.620276134428410621e-06 4.495663961348828698e-05 3.567653996019595579e-05
3.105797401244878426e-05 3.355869923147167824e-07 2.257880603933876757e-06 -1.007255485156467170e-05 3.679650207634343088e-07 -6.054286855173803602e-07 -4.969170785365371906e-06 1.332822350023947257e-06
-2.520664004119784959e-03 -3.931162365917404770e-06 -7.627040839763470699e-05 -6.620276134428410621e-06 -6.054286855173803602e-07 8.000361516935051780e-05 6.104205792603677270e-04 9.570482302373693468e-05
-1.543947276502152799e-02 3.488336364220549746e-05 -1.249019392196619666e-03 4.495663961348828698e-05 -4.969170785365371906e-06 6.104205792603677270e-04 1.630288140795025861e-02 4.220125712339386072e-04
-7.281837542053872479e-03 -1.037281435019045191e-07 -1.226421018983265778e-05 3.567653996019595579e-05 1.332822350023947257e-06 9.570482302373693468e-05 4.220125712339386072e-04 1.817962533060595237e-03
